[[1.01662115,0.77043859,0.86303915,0.46436094,0.22075811,0.39685426,
  0.15658151,0.98197249,0.40607665,1.33364476,1.66439946,0.91675652,
  0.88447332,0.2208936 ,0.01691588,0.56414194,0.82528262,0.92451565,
  0.08132202,0.1788405 ],
 [0.12615286,0.93068127,0.25446643,0.26866791,0.64993359,0.18634108,
  0.02482259,0.59479166,0.73255776,0.23381106,0.859193  ,0.70613971,
  0.74200601,0.73359764,0.85732674,0.42476629,0.85381337,0.4577564 ,
  0.82682903,0.20042112],
 [0.94893186,0.41569867,0.30698073,0.82983422,0.7515339 ,0.48081416,
  0.06650193,0.68720112,0.75474762,0.75418971,0.43844085,1.57425332,
  0.48333823,0.04702974,0.34571569,0.68786486,0.79477193,0.96176178,
  0.53118798,0.82612108],
 [0.82915317,0.64424469,1.67290324,0.2257962 ,0.40994971,0.12649246,
  0.15134171,0.01252141,0.49471692,0.91061055,0.11138898,0.80523653,
  0.53637906,1.08132363,0.28691457,0.77955332,0.62797509,0.40612938,
  0.72434109,0.85583182],
 [0.10401289,0.09717631,0.68316848,0.9036573 ,0.73721673,0.34673143,
  0.30489459,0.62899114,0.39903078,0.91262111,0.89641337,0.95139341,
  0.46494385,0.4926108 ,0.10662933,0.32392868,0.11756756,0.26614506,
  0.26499251,0.35000629],
 [0.15156374,0.72568493,0.05303315,0.88221031,0.58758312,0.1172543 ,
  0.77157159,1.79569248,0.94928675,0.22016047,0.86917404,0.63396012,
  0.79129651,0.22193377,0.91771268,0.23090471,0.34030199,0.72700175,
  0.55606653,0.06634101]] 
 next_weight 
[[0.51210762,0.37451581,0.42178197,0.16357306],
 [0.95737713,0.14706618,0.04520319,0.65601459],
 [0.67863663,0.17618171,0.95813286,0.19002241],
 [0.60147478,0.40214142,0.13049476,0.94908809],
 [0.41986119,0.28838393,0.65365381,0.65169648],
 [0.8891368 ,0.10702518,0.37501493,3.        ],
 [0.38661596,0.63482242,6.97793054,0.90075397],
 [0.02885629,0.16217001,0.42641813,0.99633226],
 [4.        ,0.81444434,0.41482519,0.19686351],
 [0.70054508,0.01795484,0.39113558,0.28202366],
 [0.40534573,0.73454713,0.96705177,0.52373774],
 [0.18089378,1.        ,0.60143175,0.        ],
 [0.20797894,0.19831087,0.83459269,2.        ],
 [0.9169919 ,0.76801999,0.70500221,0.51843958],
 [0.31964341,0.81894367,0.62375343,0.18801422],
 [0.26620155,0.11030029,0.88116801,0.30275911],
 [0.7200055 ,0.64973103,0.44760015,0.52744458],
 [0.90679267,2.        ,0.80859321,0.58443685],
 [0.12202925,0.43899279,0.22753486,0.65828515],
 [0.20283892,0.18500327,0.10384073,2.        ]]