[[0.48996208,0.6794955 ,0.83260886,0.30482104,1.        ,0.71066292,
  0.48260986,0.69759967,0.65469762,0.50393554],
 [1.        ,0.15498242,0.89596423,0.40618955,0.95181888,0.55343264,
  1.        ,1.        ,0.11579127,0.4431118 ],
 [0.19011985,0.23643062,0.79956335,0.45465647,1.        ,0.63678826,
  0.27365934,0.37637967,0.00626977,1.        ],
 [0.66773511,0.89262278,0.81584298,0.79328443,1.        ,0.85985869,
  0.67702053,0.55498649,0.61216337,0.17674789],
 [1.        ,0.63455619,0.34306752,0.06884074,0.0704558 ,0.02738834,
  0.2147113 ,0.05975995,1.        ,1.        ],
 [0.58593126,0.12051278,0.16879045,0.19849208,0.3001182 ,0.28215515,
  1.        ,0.40805945,0.14071956,0.70952429]] 
 next_weight 
[[1.        ,0.38238091,0.20891587],
 [1.        ,0.60983193,0.36609959],
 [1.        ,0.2028486 ,0.61779761],
 [1.        ,0.29748762,0.54068017],
 [0.17567927,0.56270971,0.7278316 ],
 [0.1425495 ,0.32323299,0.88883672],
 [1.        ,1.        ,0.55575202],
 [0.26812544,0.51631376,0.2180083 ],
 [0.15914212,1.        ,0.39246593],
 [0.05906459,1.        ,1.        ]]